{
 "cells": [
  {
   "cell_type": "code",
   "execution_count": 1,
   "id": "87513afc",
   "metadata": {},
   "outputs": [],
   "source": [
    "import scipy as sp\n",
    "import numpy as np # linear algebra\n",
    "import pandas as pd # data processing, CSV file I/O (e.g. pd.read_csv)\n",
    "import seaborn as sns\n",
    "from sklearn.model_selection import train_test_split\n",
    "from sklearn.preprocessing import MinMaxScaler\n",
    "import matplotlib.pyplot as plt\n",
    "import seaborn as sns\n",
    "from sklearn.feature_selection import RFE\n",
    "from sklearn.linear_model import LinearRegression\n",
    "from sklearn.metrics import r2_score\n",
    "import statsmodels.api as sm\n",
    "from statsmodels.stats.outliers_influence import variance_inflation_factor"
   ]
  },
  {
   "cell_type": "code",
   "execution_count": 2,
   "id": "ec101cfc",
   "metadata": {},
   "outputs": [
    {
     "data": {
      "text/html": [
       "<div>\n",
       "<style scoped>\n",
       "    .dataframe tbody tr th:only-of-type {\n",
       "        vertical-align: middle;\n",
       "    }\n",
       "\n",
       "    .dataframe tbody tr th {\n",
       "        vertical-align: top;\n",
       "    }\n",
       "\n",
       "    .dataframe thead th {\n",
       "        text-align: right;\n",
       "    }\n",
       "</style>\n",
       "<table border=\"1\" class=\"dataframe\">\n",
       "  <thead>\n",
       "    <tr style=\"text-align: right;\">\n",
       "      <th></th>\n",
       "      <th>male</th>\n",
       "      <th>age</th>\n",
       "      <th>education</th>\n",
       "      <th>currentSmoker</th>\n",
       "      <th>cigsPerDay</th>\n",
       "      <th>BPMeds</th>\n",
       "      <th>prevalentStroke</th>\n",
       "      <th>prevalentHyp</th>\n",
       "      <th>diabetes</th>\n",
       "      <th>totChol</th>\n",
       "      <th>sysBP</th>\n",
       "      <th>diaBP</th>\n",
       "      <th>BMI</th>\n",
       "      <th>heartRate</th>\n",
       "      <th>glucose</th>\n",
       "      <th>TenYearCHD</th>\n",
       "    </tr>\n",
       "  </thead>\n",
       "  <tbody>\n",
       "    <tr>\n",
       "      <th>0</th>\n",
       "      <td>1</td>\n",
       "      <td>39</td>\n",
       "      <td>4.0</td>\n",
       "      <td>0</td>\n",
       "      <td>0.0</td>\n",
       "      <td>0.0</td>\n",
       "      <td>0</td>\n",
       "      <td>0</td>\n",
       "      <td>0</td>\n",
       "      <td>195.0</td>\n",
       "      <td>106.0</td>\n",
       "      <td>70.0</td>\n",
       "      <td>26.97</td>\n",
       "      <td>80.0</td>\n",
       "      <td>77.0</td>\n",
       "      <td>0</td>\n",
       "    </tr>\n",
       "    <tr>\n",
       "      <th>1</th>\n",
       "      <td>0</td>\n",
       "      <td>46</td>\n",
       "      <td>2.0</td>\n",
       "      <td>0</td>\n",
       "      <td>0.0</td>\n",
       "      <td>0.0</td>\n",
       "      <td>0</td>\n",
       "      <td>0</td>\n",
       "      <td>0</td>\n",
       "      <td>250.0</td>\n",
       "      <td>121.0</td>\n",
       "      <td>81.0</td>\n",
       "      <td>28.73</td>\n",
       "      <td>95.0</td>\n",
       "      <td>76.0</td>\n",
       "      <td>0</td>\n",
       "    </tr>\n",
       "    <tr>\n",
       "      <th>2</th>\n",
       "      <td>1</td>\n",
       "      <td>48</td>\n",
       "      <td>1.0</td>\n",
       "      <td>1</td>\n",
       "      <td>20.0</td>\n",
       "      <td>0.0</td>\n",
       "      <td>0</td>\n",
       "      <td>0</td>\n",
       "      <td>0</td>\n",
       "      <td>245.0</td>\n",
       "      <td>127.5</td>\n",
       "      <td>80.0</td>\n",
       "      <td>25.34</td>\n",
       "      <td>75.0</td>\n",
       "      <td>70.0</td>\n",
       "      <td>0</td>\n",
       "    </tr>\n",
       "    <tr>\n",
       "      <th>3</th>\n",
       "      <td>0</td>\n",
       "      <td>61</td>\n",
       "      <td>3.0</td>\n",
       "      <td>1</td>\n",
       "      <td>30.0</td>\n",
       "      <td>0.0</td>\n",
       "      <td>0</td>\n",
       "      <td>1</td>\n",
       "      <td>0</td>\n",
       "      <td>225.0</td>\n",
       "      <td>150.0</td>\n",
       "      <td>95.0</td>\n",
       "      <td>28.58</td>\n",
       "      <td>65.0</td>\n",
       "      <td>103.0</td>\n",
       "      <td>1</td>\n",
       "    </tr>\n",
       "    <tr>\n",
       "      <th>4</th>\n",
       "      <td>0</td>\n",
       "      <td>46</td>\n",
       "      <td>3.0</td>\n",
       "      <td>1</td>\n",
       "      <td>23.0</td>\n",
       "      <td>0.0</td>\n",
       "      <td>0</td>\n",
       "      <td>0</td>\n",
       "      <td>0</td>\n",
       "      <td>285.0</td>\n",
       "      <td>130.0</td>\n",
       "      <td>84.0</td>\n",
       "      <td>23.10</td>\n",
       "      <td>85.0</td>\n",
       "      <td>85.0</td>\n",
       "      <td>0</td>\n",
       "    </tr>\n",
       "  </tbody>\n",
       "</table>\n",
       "</div>"
      ],
      "text/plain": [
       "   male  age  education  currentSmoker  cigsPerDay  BPMeds  prevalentStroke  \\\n",
       "0     1   39        4.0              0         0.0     0.0                0   \n",
       "1     0   46        2.0              0         0.0     0.0                0   \n",
       "2     1   48        1.0              1        20.0     0.0                0   \n",
       "3     0   61        3.0              1        30.0     0.0                0   \n",
       "4     0   46        3.0              1        23.0     0.0                0   \n",
       "\n",
       "   prevalentHyp  diabetes  totChol  sysBP  diaBP    BMI  heartRate  glucose  \\\n",
       "0             0         0    195.0  106.0   70.0  26.97       80.0     77.0   \n",
       "1             0         0    250.0  121.0   81.0  28.73       95.0     76.0   \n",
       "2             0         0    245.0  127.5   80.0  25.34       75.0     70.0   \n",
       "3             1         0    225.0  150.0   95.0  28.58       65.0    103.0   \n",
       "4             0         0    285.0  130.0   84.0  23.10       85.0     85.0   \n",
       "\n",
       "   TenYearCHD  \n",
       "0           0  \n",
       "1           0  \n",
       "2           0  \n",
       "3           1  \n",
       "4           0  "
      ]
     },
     "execution_count": 2,
     "metadata": {},
     "output_type": "execute_result"
    }
   ],
   "source": [
    "data = pd.read_csv('data/framingham.csv')\n",
    "data.head()"
   ]
  },
  {
   "cell_type": "code",
   "execution_count": 3,
   "id": "eab0f5a9",
   "metadata": {},
   "outputs": [
    {
     "data": {
      "text/html": [
       "<div>\n",
       "<style scoped>\n",
       "    .dataframe tbody tr th:only-of-type {\n",
       "        vertical-align: middle;\n",
       "    }\n",
       "\n",
       "    .dataframe tbody tr th {\n",
       "        vertical-align: top;\n",
       "    }\n",
       "\n",
       "    .dataframe thead th {\n",
       "        text-align: right;\n",
       "    }\n",
       "</style>\n",
       "<table border=\"1\" class=\"dataframe\">\n",
       "  <thead>\n",
       "    <tr style=\"text-align: right;\">\n",
       "      <th></th>\n",
       "      <th>male</th>\n",
       "      <th>age</th>\n",
       "      <th>education</th>\n",
       "      <th>currentSmoker</th>\n",
       "      <th>cigsPerDay</th>\n",
       "      <th>BPMeds</th>\n",
       "      <th>prevalentStroke</th>\n",
       "      <th>prevalentHyp</th>\n",
       "      <th>diabetes</th>\n",
       "      <th>totChol</th>\n",
       "      <th>sysBP</th>\n",
       "      <th>diaBP</th>\n",
       "      <th>BMI</th>\n",
       "      <th>heartRate</th>\n",
       "      <th>glucose</th>\n",
       "      <th>TenYearCHD</th>\n",
       "    </tr>\n",
       "  </thead>\n",
       "  <tbody>\n",
       "    <tr>\n",
       "      <th>male</th>\n",
       "      <td>1.000000</td>\n",
       "      <td>-0.029014</td>\n",
       "      <td>0.017415</td>\n",
       "      <td>0.197026</td>\n",
       "      <td>0.317143</td>\n",
       "      <td>-0.052504</td>\n",
       "      <td>-0.004550</td>\n",
       "      <td>0.005853</td>\n",
       "      <td>0.015693</td>\n",
       "      <td>-0.070413</td>\n",
       "      <td>-0.035879</td>\n",
       "      <td>0.058199</td>\n",
       "      <td>0.081871</td>\n",
       "      <td>-0.116932</td>\n",
       "      <td>0.005979</td>\n",
       "      <td>0.088374</td>\n",
       "    </tr>\n",
       "    <tr>\n",
       "      <th>age</th>\n",
       "      <td>-0.029014</td>\n",
       "      <td>1.000000</td>\n",
       "      <td>-0.166356</td>\n",
       "      <td>-0.213662</td>\n",
       "      <td>-0.192959</td>\n",
       "      <td>0.123052</td>\n",
       "      <td>0.057679</td>\n",
       "      <td>0.306799</td>\n",
       "      <td>0.101314</td>\n",
       "      <td>0.262554</td>\n",
       "      <td>0.394053</td>\n",
       "      <td>0.205586</td>\n",
       "      <td>0.136096</td>\n",
       "      <td>-0.012843</td>\n",
       "      <td>0.122356</td>\n",
       "      <td>0.225408</td>\n",
       "    </tr>\n",
       "    <tr>\n",
       "      <th>education</th>\n",
       "      <td>0.017415</td>\n",
       "      <td>-0.166356</td>\n",
       "      <td>1.000000</td>\n",
       "      <td>0.018528</td>\n",
       "      <td>0.008323</td>\n",
       "      <td>-0.010898</td>\n",
       "      <td>-0.035142</td>\n",
       "      <td>-0.081726</td>\n",
       "      <td>-0.038749</td>\n",
       "      <td>-0.023613</td>\n",
       "      <td>-0.129496</td>\n",
       "      <td>-0.061919</td>\n",
       "      <td>-0.137747</td>\n",
       "      <td>-0.054182</td>\n",
       "      <td>-0.035843</td>\n",
       "      <td>-0.054248</td>\n",
       "    </tr>\n",
       "    <tr>\n",
       "      <th>currentSmoker</th>\n",
       "      <td>0.197026</td>\n",
       "      <td>-0.213662</td>\n",
       "      <td>0.018528</td>\n",
       "      <td>1.000000</td>\n",
       "      <td>0.769774</td>\n",
       "      <td>-0.048927</td>\n",
       "      <td>-0.032980</td>\n",
       "      <td>-0.103710</td>\n",
       "      <td>-0.044285</td>\n",
       "      <td>-0.046488</td>\n",
       "      <td>-0.130281</td>\n",
       "      <td>-0.107933</td>\n",
       "      <td>-0.167857</td>\n",
       "      <td>0.062686</td>\n",
       "      <td>-0.056726</td>\n",
       "      <td>0.019448</td>\n",
       "    </tr>\n",
       "    <tr>\n",
       "      <th>cigsPerDay</th>\n",
       "      <td>0.317143</td>\n",
       "      <td>-0.192959</td>\n",
       "      <td>0.008323</td>\n",
       "      <td>0.769774</td>\n",
       "      <td>1.000000</td>\n",
       "      <td>-0.046155</td>\n",
       "      <td>-0.032711</td>\n",
       "      <td>-0.066645</td>\n",
       "      <td>-0.037089</td>\n",
       "      <td>-0.026479</td>\n",
       "      <td>-0.088797</td>\n",
       "      <td>-0.056715</td>\n",
       "      <td>-0.093293</td>\n",
       "      <td>0.075564</td>\n",
       "      <td>-0.058886</td>\n",
       "      <td>0.057755</td>\n",
       "    </tr>\n",
       "    <tr>\n",
       "      <th>BPMeds</th>\n",
       "      <td>-0.052504</td>\n",
       "      <td>0.123052</td>\n",
       "      <td>-0.010898</td>\n",
       "      <td>-0.048927</td>\n",
       "      <td>-0.046155</td>\n",
       "      <td>1.000000</td>\n",
       "      <td>0.117370</td>\n",
       "      <td>0.261067</td>\n",
       "      <td>0.052060</td>\n",
       "      <td>0.080623</td>\n",
       "      <td>0.254194</td>\n",
       "      <td>0.194122</td>\n",
       "      <td>0.100702</td>\n",
       "      <td>0.015230</td>\n",
       "      <td>0.051197</td>\n",
       "      <td>0.087519</td>\n",
       "    </tr>\n",
       "    <tr>\n",
       "      <th>prevalentStroke</th>\n",
       "      <td>-0.004550</td>\n",
       "      <td>0.057679</td>\n",
       "      <td>-0.035142</td>\n",
       "      <td>-0.032980</td>\n",
       "      <td>-0.032711</td>\n",
       "      <td>0.117370</td>\n",
       "      <td>1.000000</td>\n",
       "      <td>0.074791</td>\n",
       "      <td>0.006955</td>\n",
       "      <td>0.000105</td>\n",
       "      <td>0.057000</td>\n",
       "      <td>0.045153</td>\n",
       "      <td>0.025909</td>\n",
       "      <td>-0.017674</td>\n",
       "      <td>0.018440</td>\n",
       "      <td>0.061823</td>\n",
       "    </tr>\n",
       "    <tr>\n",
       "      <th>prevalentHyp</th>\n",
       "      <td>0.005853</td>\n",
       "      <td>0.306799</td>\n",
       "      <td>-0.081726</td>\n",
       "      <td>-0.103710</td>\n",
       "      <td>-0.066645</td>\n",
       "      <td>0.261067</td>\n",
       "      <td>0.074791</td>\n",
       "      <td>1.000000</td>\n",
       "      <td>0.077752</td>\n",
       "      <td>0.163632</td>\n",
       "      <td>0.696656</td>\n",
       "      <td>0.615840</td>\n",
       "      <td>0.301344</td>\n",
       "      <td>0.146815</td>\n",
       "      <td>0.086656</td>\n",
       "      <td>0.177458</td>\n",
       "    </tr>\n",
       "    <tr>\n",
       "      <th>diabetes</th>\n",
       "      <td>0.015693</td>\n",
       "      <td>0.101314</td>\n",
       "      <td>-0.038749</td>\n",
       "      <td>-0.044285</td>\n",
       "      <td>-0.037089</td>\n",
       "      <td>0.052060</td>\n",
       "      <td>0.006955</td>\n",
       "      <td>0.077752</td>\n",
       "      <td>1.000000</td>\n",
       "      <td>0.040348</td>\n",
       "      <td>0.111265</td>\n",
       "      <td>0.050260</td>\n",
       "      <td>0.087068</td>\n",
       "      <td>0.048986</td>\n",
       "      <td>0.617630</td>\n",
       "      <td>0.097344</td>\n",
       "    </tr>\n",
       "    <tr>\n",
       "      <th>totChol</th>\n",
       "      <td>-0.070413</td>\n",
       "      <td>0.262554</td>\n",
       "      <td>-0.023613</td>\n",
       "      <td>-0.046488</td>\n",
       "      <td>-0.026479</td>\n",
       "      <td>0.080623</td>\n",
       "      <td>0.000105</td>\n",
       "      <td>0.163632</td>\n",
       "      <td>0.040348</td>\n",
       "      <td>1.000000</td>\n",
       "      <td>0.208734</td>\n",
       "      <td>0.164698</td>\n",
       "      <td>0.115992</td>\n",
       "      <td>0.091127</td>\n",
       "      <td>0.046538</td>\n",
       "      <td>0.082369</td>\n",
       "    </tr>\n",
       "    <tr>\n",
       "      <th>sysBP</th>\n",
       "      <td>-0.035879</td>\n",
       "      <td>0.394053</td>\n",
       "      <td>-0.129496</td>\n",
       "      <td>-0.130281</td>\n",
       "      <td>-0.088797</td>\n",
       "      <td>0.254194</td>\n",
       "      <td>0.057000</td>\n",
       "      <td>0.696656</td>\n",
       "      <td>0.111265</td>\n",
       "      <td>0.208734</td>\n",
       "      <td>1.000000</td>\n",
       "      <td>0.783952</td>\n",
       "      <td>0.326906</td>\n",
       "      <td>0.182155</td>\n",
       "      <td>0.140573</td>\n",
       "      <td>0.216374</td>\n",
       "    </tr>\n",
       "    <tr>\n",
       "      <th>diaBP</th>\n",
       "      <td>0.058199</td>\n",
       "      <td>0.205586</td>\n",
       "      <td>-0.061919</td>\n",
       "      <td>-0.107933</td>\n",
       "      <td>-0.056715</td>\n",
       "      <td>0.194122</td>\n",
       "      <td>0.045153</td>\n",
       "      <td>0.615840</td>\n",
       "      <td>0.050260</td>\n",
       "      <td>0.164698</td>\n",
       "      <td>0.783952</td>\n",
       "      <td>1.000000</td>\n",
       "      <td>0.377360</td>\n",
       "      <td>0.181021</td>\n",
       "      <td>0.061075</td>\n",
       "      <td>0.145112</td>\n",
       "    </tr>\n",
       "    <tr>\n",
       "      <th>BMI</th>\n",
       "      <td>0.081871</td>\n",
       "      <td>0.136096</td>\n",
       "      <td>-0.137747</td>\n",
       "      <td>-0.167857</td>\n",
       "      <td>-0.093293</td>\n",
       "      <td>0.100702</td>\n",
       "      <td>0.025909</td>\n",
       "      <td>0.301344</td>\n",
       "      <td>0.087068</td>\n",
       "      <td>0.115992</td>\n",
       "      <td>0.326906</td>\n",
       "      <td>0.377360</td>\n",
       "      <td>1.000000</td>\n",
       "      <td>0.067451</td>\n",
       "      <td>0.087389</td>\n",
       "      <td>0.075300</td>\n",
       "    </tr>\n",
       "    <tr>\n",
       "      <th>heartRate</th>\n",
       "      <td>-0.116932</td>\n",
       "      <td>-0.012843</td>\n",
       "      <td>-0.054182</td>\n",
       "      <td>0.062686</td>\n",
       "      <td>0.075564</td>\n",
       "      <td>0.015230</td>\n",
       "      <td>-0.017674</td>\n",
       "      <td>0.146815</td>\n",
       "      <td>0.048986</td>\n",
       "      <td>0.091127</td>\n",
       "      <td>0.182155</td>\n",
       "      <td>0.181021</td>\n",
       "      <td>0.067451</td>\n",
       "      <td>1.000000</td>\n",
       "      <td>0.094546</td>\n",
       "      <td>0.022907</td>\n",
       "    </tr>\n",
       "    <tr>\n",
       "      <th>glucose</th>\n",
       "      <td>0.005979</td>\n",
       "      <td>0.122356</td>\n",
       "      <td>-0.035843</td>\n",
       "      <td>-0.056726</td>\n",
       "      <td>-0.058886</td>\n",
       "      <td>0.051197</td>\n",
       "      <td>0.018440</td>\n",
       "      <td>0.086656</td>\n",
       "      <td>0.617630</td>\n",
       "      <td>0.046538</td>\n",
       "      <td>0.140573</td>\n",
       "      <td>0.061075</td>\n",
       "      <td>0.087389</td>\n",
       "      <td>0.094546</td>\n",
       "      <td>1.000000</td>\n",
       "      <td>0.125590</td>\n",
       "    </tr>\n",
       "    <tr>\n",
       "      <th>TenYearCHD</th>\n",
       "      <td>0.088374</td>\n",
       "      <td>0.225408</td>\n",
       "      <td>-0.054248</td>\n",
       "      <td>0.019448</td>\n",
       "      <td>0.057755</td>\n",
       "      <td>0.087519</td>\n",
       "      <td>0.061823</td>\n",
       "      <td>0.177458</td>\n",
       "      <td>0.097344</td>\n",
       "      <td>0.082369</td>\n",
       "      <td>0.216374</td>\n",
       "      <td>0.145112</td>\n",
       "      <td>0.075300</td>\n",
       "      <td>0.022907</td>\n",
       "      <td>0.125590</td>\n",
       "      <td>1.000000</td>\n",
       "    </tr>\n",
       "  </tbody>\n",
       "</table>\n",
       "</div>"
      ],
      "text/plain": [
       "                     male       age  education  currentSmoker  cigsPerDay  \\\n",
       "male             1.000000 -0.029014   0.017415       0.197026    0.317143   \n",
       "age             -0.029014  1.000000  -0.166356      -0.213662   -0.192959   \n",
       "education        0.017415 -0.166356   1.000000       0.018528    0.008323   \n",
       "currentSmoker    0.197026 -0.213662   0.018528       1.000000    0.769774   \n",
       "cigsPerDay       0.317143 -0.192959   0.008323       0.769774    1.000000   \n",
       "BPMeds          -0.052504  0.123052  -0.010898      -0.048927   -0.046155   \n",
       "prevalentStroke -0.004550  0.057679  -0.035142      -0.032980   -0.032711   \n",
       "prevalentHyp     0.005853  0.306799  -0.081726      -0.103710   -0.066645   \n",
       "diabetes         0.015693  0.101314  -0.038749      -0.044285   -0.037089   \n",
       "totChol         -0.070413  0.262554  -0.023613      -0.046488   -0.026479   \n",
       "sysBP           -0.035879  0.394053  -0.129496      -0.130281   -0.088797   \n",
       "diaBP            0.058199  0.205586  -0.061919      -0.107933   -0.056715   \n",
       "BMI              0.081871  0.136096  -0.137747      -0.167857   -0.093293   \n",
       "heartRate       -0.116932 -0.012843  -0.054182       0.062686    0.075564   \n",
       "glucose          0.005979  0.122356  -0.035843      -0.056726   -0.058886   \n",
       "TenYearCHD       0.088374  0.225408  -0.054248       0.019448    0.057755   \n",
       "\n",
       "                   BPMeds  prevalentStroke  prevalentHyp  diabetes   totChol  \\\n",
       "male            -0.052504        -0.004550      0.005853  0.015693 -0.070413   \n",
       "age              0.123052         0.057679      0.306799  0.101314  0.262554   \n",
       "education       -0.010898        -0.035142     -0.081726 -0.038749 -0.023613   \n",
       "currentSmoker   -0.048927        -0.032980     -0.103710 -0.044285 -0.046488   \n",
       "cigsPerDay      -0.046155        -0.032711     -0.066645 -0.037089 -0.026479   \n",
       "BPMeds           1.000000         0.117370      0.261067  0.052060  0.080623   \n",
       "prevalentStroke  0.117370         1.000000      0.074791  0.006955  0.000105   \n",
       "prevalentHyp     0.261067         0.074791      1.000000  0.077752  0.163632   \n",
       "diabetes         0.052060         0.006955      0.077752  1.000000  0.040348   \n",
       "totChol          0.080623         0.000105      0.163632  0.040348  1.000000   \n",
       "sysBP            0.254194         0.057000      0.696656  0.111265  0.208734   \n",
       "diaBP            0.194122         0.045153      0.615840  0.050260  0.164698   \n",
       "BMI              0.100702         0.025909      0.301344  0.087068  0.115992   \n",
       "heartRate        0.015230        -0.017674      0.146815  0.048986  0.091127   \n",
       "glucose          0.051197         0.018440      0.086656  0.617630  0.046538   \n",
       "TenYearCHD       0.087519         0.061823      0.177458  0.097344  0.082369   \n",
       "\n",
       "                    sysBP     diaBP       BMI  heartRate   glucose  TenYearCHD  \n",
       "male            -0.035879  0.058199  0.081871  -0.116932  0.005979    0.088374  \n",
       "age              0.394053  0.205586  0.136096  -0.012843  0.122356    0.225408  \n",
       "education       -0.129496 -0.061919 -0.137747  -0.054182 -0.035843   -0.054248  \n",
       "currentSmoker   -0.130281 -0.107933 -0.167857   0.062686 -0.056726    0.019448  \n",
       "cigsPerDay      -0.088797 -0.056715 -0.093293   0.075564 -0.058886    0.057755  \n",
       "BPMeds           0.254194  0.194122  0.100702   0.015230  0.051197    0.087519  \n",
       "prevalentStroke  0.057000  0.045153  0.025909  -0.017674  0.018440    0.061823  \n",
       "prevalentHyp     0.696656  0.615840  0.301344   0.146815  0.086656    0.177458  \n",
       "diabetes         0.111265  0.050260  0.087068   0.048986  0.617630    0.097344  \n",
       "totChol          0.208734  0.164698  0.115992   0.091127  0.046538    0.082369  \n",
       "sysBP            1.000000  0.783952  0.326906   0.182155  0.140573    0.216374  \n",
       "diaBP            0.783952  1.000000  0.377360   0.181021  0.061075    0.145112  \n",
       "BMI              0.326906  0.377360  1.000000   0.067451  0.087389    0.075300  \n",
       "heartRate        0.182155  0.181021  0.067451   1.000000  0.094546    0.022907  \n",
       "glucose          0.140573  0.061075  0.087389   0.094546  1.000000    0.125590  \n",
       "TenYearCHD       0.216374  0.145112  0.075300   0.022907  0.125590    1.000000  "
      ]
     },
     "execution_count": 3,
     "metadata": {},
     "output_type": "execute_result"
    }
   ],
   "source": [
    "data.corr()"
   ]
  },
  {
   "cell_type": "code",
   "execution_count": 4,
   "id": "121273a8",
   "metadata": {},
   "outputs": [
    {
     "data": {
      "text/plain": [
       "male                 0\n",
       "age                  0\n",
       "education          105\n",
       "currentSmoker        0\n",
       "cigsPerDay          29\n",
       "BPMeds              53\n",
       "prevalentStroke      0\n",
       "prevalentHyp         0\n",
       "diabetes             0\n",
       "totChol             50\n",
       "sysBP                0\n",
       "diaBP                0\n",
       "BMI                 19\n",
       "heartRate            1\n",
       "glucose            388\n",
       "TenYearCHD           0\n",
       "dtype: int64"
      ]
     },
     "execution_count": 4,
     "metadata": {},
     "output_type": "execute_result"
    }
   ],
   "source": [
    "data.isnull().sum()"
   ]
  },
  {
   "cell_type": "code",
   "execution_count": 5,
   "id": "a83767c7",
   "metadata": {},
   "outputs": [
    {
     "name": "stdout",
     "output_type": "stream",
     "text": [
      "The total percentage of missing data is 15.21%\n"
     ]
    }
   ],
   "source": [
    "#total percentage of missing data\n",
    "missing_data = data.isnull().sum()\n",
    "total_percentage = (missing_data.sum()/data.shape[0]) * 100\n",
    "print(f'The total percentage of missing data is {round(total_percentage,2)}%')"
   ]
  },
  {
   "cell_type": "code",
   "execution_count": 6,
   "id": "4de3ad7c",
   "metadata": {},
   "outputs": [
    {
     "data": {
      "text/html": [
       "<div>\n",
       "<style scoped>\n",
       "    .dataframe tbody tr th:only-of-type {\n",
       "        vertical-align: middle;\n",
       "    }\n",
       "\n",
       "    .dataframe tbody tr th {\n",
       "        vertical-align: top;\n",
       "    }\n",
       "\n",
       "    .dataframe thead th {\n",
       "        text-align: right;\n",
       "    }\n",
       "</style>\n",
       "<table border=\"1\" class=\"dataframe\">\n",
       "  <thead>\n",
       "    <tr style=\"text-align: right;\">\n",
       "      <th></th>\n",
       "      <th>Total</th>\n",
       "      <th>Percentage</th>\n",
       "    </tr>\n",
       "  </thead>\n",
       "  <tbody>\n",
       "    <tr>\n",
       "      <th>glucose</th>\n",
       "      <td>388</td>\n",
       "      <td>9.150943</td>\n",
       "    </tr>\n",
       "    <tr>\n",
       "      <th>education</th>\n",
       "      <td>105</td>\n",
       "      <td>2.476415</td>\n",
       "    </tr>\n",
       "    <tr>\n",
       "      <th>BPMeds</th>\n",
       "      <td>53</td>\n",
       "      <td>1.250000</td>\n",
       "    </tr>\n",
       "    <tr>\n",
       "      <th>totChol</th>\n",
       "      <td>50</td>\n",
       "      <td>1.179245</td>\n",
       "    </tr>\n",
       "    <tr>\n",
       "      <th>cigsPerDay</th>\n",
       "      <td>29</td>\n",
       "      <td>0.683962</td>\n",
       "    </tr>\n",
       "    <tr>\n",
       "      <th>BMI</th>\n",
       "      <td>19</td>\n",
       "      <td>0.448113</td>\n",
       "    </tr>\n",
       "    <tr>\n",
       "      <th>heartRate</th>\n",
       "      <td>1</td>\n",
       "      <td>0.023585</td>\n",
       "    </tr>\n",
       "  </tbody>\n",
       "</table>\n",
       "</div>"
      ],
      "text/plain": [
       "            Total  Percentage\n",
       "glucose       388    9.150943\n",
       "education     105    2.476415\n",
       "BPMeds         53    1.250000\n",
       "totChol        50    1.179245\n",
       "cigsPerDay     29    0.683962\n",
       "BMI            19    0.448113\n",
       "heartRate       1    0.023585"
      ]
     },
     "execution_count": 6,
     "metadata": {},
     "output_type": "execute_result"
    }
   ],
   "source": [
    "# percentage of missing data per category\n",
    "total = data.isnull().sum().sort_values(ascending=False)\n",
    "percent_total = (data.isnull().sum()/data.isnull().count()).sort_values(ascending=False)*100\n",
    "missing = pd.concat([total, percent_total], axis=1, keys=[\"Total\", \"Percentage\"])\n",
    "missing_data = missing[missing['Total']>0]\n",
    "missing_data"
   ]
  },
  {
   "cell_type": "code",
   "execution_count": 7,
   "id": "06f376bf",
   "metadata": {},
   "outputs": [
    {
     "data": {
